p -59.346771240234375 -37.02608871459961 5.5253496170043945
c -58.55971908569336 -37.058013916015625 5.5253496170043945
c -47.06782913208008 -36.82038497924805 5.875971794128418
p -46.64268493652344 -37.27930450439453 5.875971794128418
p -46.64268493652344 -37.27930450439453 5.875971794128418
c -45.943077087402344 -38.03449249267578 5.875971794128418
c -45.19204330444336 -44.30576705932617 5.844094753265381
p -45.0359992980957 -44.62571334838867 5.844094753265381
p -45.0359992980957 -44.62571334838867 5.844094753265381
c -44.67658996582031 -45.362632751464844 5.844094753265381
c -44.06060791015625 -45.293853759765625 5.75670862197876
p -43.643585205078125 -45.29787826538086 5.75670862197876
p -43.643585205078125 -45.29787826538086 5.75670862197876
c -43.4494743347168 -45.29975128173828 5.75670862197876
c -42.93073272705078 -45.301841735839844 5.6836676597595215
p -42.374637603759766 -45.298606872558594 5.6836676597595215
p -42.374637603759766 -45.298606872558594 5.6836676597595215
c -41.58759307861328 -45.294029235839844 5.6836676597595215
c -33.35383987426758 -45.11325454711914 5.702965259552002
p -31.87647247314453 -45.116493225097656 5.702965259552002
p -31.87647247314453 -45.116493225097656 5.702965259552002
c -30.992633819580078 -45.118431091308594 5.702965259552002
c -20.051776885986328 -46.91252136230469 2.4118032455444336
p -19.57282257080078 -47.031429290771484 2.1065945625305176
p -19.57282257080078 -47.031429290771484 2.1065945625305176
c -18.872093200683594 -47.20539474487305 1.6600621938705444
c -18.6298885345459 -44.08662796020508 1.8233625888824463
p -18.70136070251465 -43.48093795776367 1.8233625888824463
p -18.70136070251465 -43.48093795776367 1.8233625888824463
c -18.814918518066406 -42.51858901977539 1.8233625888824463
c -20.31247329711914 -34.232933044433594 2.164604425430298
p -20.38394546508789 -33.62724304199219 2.164604425430298
p -20.38394546508789 -33.62724304199219 2.164604425430298
c -20.49750328063965 -32.664894104003906 2.164604425430298
c -27.4438419342041 -24.474599838256836 1.9695796966552734
p -27.988805770874023 -24.200777053833008 1.9695796966552734
p -27.988805770874023 -24.200777053833008 1.9695796966552734
c -28.10236358642578 -24.143718719482422 1.9695796966552734
c -32.33073806762695 -20.922325134277344 2.145150661468506
p -32.99267578125 -20.607830047607422 2.145150661468506
p -32.99267578125 -20.607830047607422 2.145150661468506
c -33.53818893432617 -20.348649978637695 2.145150661468506
c -36.804691314697266 -18.695106506347656 2.145150661468506
p -37.03703689575195 -18.131202697753906 2.145150661468506
p -37.03703689575195 -18.131202697753906 2.145150661468506
c -37.43355178833008 -17.16885757446289 2.145150661468506
c -37.07858657836914 -11.91991901397705 2.145150661468506
p -37.03703689575195 -11.311440467834473 2.145150661468506
p -37.03703689575195 -11.311440467834473 2.145150661468506
c -36.9713249206543 -10.34909439086914 2.145150661468506
c -36.7682991027832 -6.428614139556885 3.685305595397949
p -36.83977127075195 -5.8229217529296875 3.685305595397949
p -36.83977127075195 -5.8229217529296875 3.685305595397949
c -36.95332717895508 -4.860576629638672 3.685305595397949
c -36.56258010864258 -2.029081344604492 3.685305595397949
p -36.63405227661133 -1.423388957977295 3.685305595397949
p -36.63405227661133 -1.423388957977295 3.685305595397949
c -36.74760818481445 -0.4610520601272583 3.685305595397949
c -43.424537658691406 -2.029081344604492 3.685305595397949
p -43.496009826660156 -1.423388957977295 3.685305595397949
p -43.496009826660156 -1.423388957977295 3.685305595397949
c -43.60956573486328 -0.4610520601272583 3.685305595397949
c -43.424537658691406 -0.2725185751914978 3.685305595397949
p -43.496009826660156 0.33317840099334717 3.685305595397949
p -43.496009826660156 0.33317840099334717 3.685305595397949
c -43.60956573486328 1.2955243587493896 3.685305595397949
c -43.65386962890625 1.481060266494751 2.770754814147949
p -43.725341796875 2.0867559909820557 2.770754814147949
p -43.725341796875 2.0867559909820557 2.770754814147949
c -43.838897705078125 3.049102306365967 2.770754814147949
c -43.65386962890625 3.691497802734375 2.770754814147949
p -43.725341796875 4.297190189361572 2.770754814147949
p -43.725341796875 4.297190189361572 2.770754814147949
c -43.838897705078125 5.2595367431640625 2.770754814147949
c -43.665340423583984 5.709697246551514 3.7106239795684814
p -43.736812591552734 6.315389633178711 3.7106239795684814
p -43.736812591552734 6.315389633178711 3.7106239795684814
c -43.85036849975586 7.277736186981201 3.7106239795684814
c -44.08772277832031 8.073358535766602 3.7106239795684814
p -43.381004333496094 8.096689224243164 3.7106239795684814
p -43.381004333496094 8.096689224243164 3.7106239795684814
c -42.881004333496094 8.113195419311523 3.7106239795684814
c -35.036949157714844 8.326217651367188 3.4571785926818848
p -34.62077713012695 9.09973430633545 3.451475143432617
p -34.62077713012695 9.09973430633545 3.451475143432617
c -34.30782699584961 9.681396484375 3.447186231613159
c -33.53659439086914 16.655447006225586 3.7106239795684814
p -31.746591567993164 16.959604263305664 3.7106239795684814
p -31.746591567993164 16.959604263305664 3.7106239795684814
c -31.551860809326172 16.992692947387695 3.7106239795684814
c -27.102827072143555 17.266721725463867 4.128499984741211
p -25.886640548706055 16.34332275390625 4.115450859069824
p -25.886640548706055 16.34332275390625 4.115450859069824
c -25.125404357910156 15.765348434448242 4.107283115386963
c -26.642091751098633 9.711673736572266 3.834773302078247
p -26.047874450683594 9.336384773254395 3.834773302078247
p -26.047874450683594 9.336384773254395 3.834773302078247
c -24.79842758178711 8.547273635864258 3.834773302078247
c -23.53135871887207 8.704023361206055 4.062069892883301
p -23.25653839111328 8.042202949523926 4.062069892883301
p -23.25653839111328 8.042202949523926 4.062069892883301
c -22.99729347229004 7.417889595031738 4.062069892883301
c -23.531349182128906 1.4451708793640137 4.08657169342041
p -23.170001983642578 0.563514769077301 4.08657169342041
p -23.170001983642578 0.563514769077301 4.08657169342041
c -23.070573806762695 0.3209187090396881 4.08657169342041
c -22.587919235229492 -0.15112215280532837 4.023566246032715
p -21.881196975708008 -0.12779004871845245 4.023566246032715
p -21.881196975708008 -0.12779004871845245 4.023566246032715
c -21.381196975708008 -0.11128278076648712 4.023566246032715
c -14.21489143371582 -0.06388182193040848 2.4609134197235107
p -13.525217056274414 -0.041112542152404785 2.3065290451049805
p -13.525217056274414 -0.041112542152404785 2.3065290451049805
c -13.025217056274414 -0.024605274200439453 2.194603443145752
c -9.005569458007812 -0.03853731229901314 1.2679212093353271
p -8.298568725585938 -0.026268117129802704 1.2679212093353271
p -8.298568725585938 -0.026268117129802704 1.2679212093353271
c -7.798569202423096 -0.017591193318367004 1.2679212093353271
c -6.897388935089111 -0.0086728036403656 1.2679212093353271
p -6.190338611602783 0.00021567195653915405 1.2679212093353271
p -6.190338611602783 0.00021567195653915405 1.2679212093353271
c -5.690338611602783 0.006501275580376387 1.2679212093353271
c -1.706721305847168 -0.02333211526274681 1.2679212093353271
p -1.0 0.0 1.2679212093353271
p -1.0 0.0 1.2679212093353271
c -0.4999999403953552 0.01650729775428772 1.2679212093353271
c 0.0 0.0 1.2679212093353271
p 1.0 0.0 1.2679212093353271
