0.0 0.0 1.3210505247116089
-2.795989751815796 0.0 1.3210505247116089
-6.107440948486328 0.0 1.3210505247116089
-10.438896179199219 -0.04817509651184082 1.957076907157898
-13.270231246948242 -0.12088418006896973 2.5800108909606934
-17.268766403198242 0.27444028854370117 3.4612293243408203
-22.81901741027832 -0.0170670747756958 3.647264003753662
-22.81901741027832 2.9906463623046875 3.647264003753662
-22.81901741027832 8.061505317687988 3.647264003753662
-26.81401824951172 8.061505317687988 3.647264003753662
-32.352882385253906 8.061505317687988 3.647264003753662
-37.67403030395508 8.061505317687988 3.647264003753662
-43.54977035522461 8.061505317687988 3.647264003753662
-35.87590789794922 14.470431327819824 4.060224533081055
-35.0576286315918 16.32870101928711 4.358734130859375
-26.983539581298828 16.442829132080078 3.647264003753662
-30.02497100830078 12.29089069366455 3.647264003753662
-43.54977035522461 2.825089454650879 3.647264003753662
-43.54977035522461 -1.4530425071716309 3.647264003753662
-40.540809631347656 -1.4530425071716309 3.647264003753662
-37.08808517456055 -1.4530425071716309 3.647264003753662
-37.08808517456055 -4.387836456298828 3.647264003753662
-37.044002532958984 -7.041068077087402 3.4075136184692383
-36.91619873046875 -9.270059585571289 2.3237082958221436
-36.23566818237305 -12.062186241149902 6.350362777709961
-36.23566818237305 -17.926307678222656 6.350362777709961
-36.23566818237305 -23.589908599853516 6.350362777709961
-30.602373123168945 -17.926307678222656 6.350362777709961
-30.602373123168945 -23.065540313720703 6.350362777709961
-25.09577751159668 -23.065540313720703 6.350362777709961
-25.09577751159668 -27.611623764038086 3.3621389865875244
-25.09577751159668 -32.7113151550293 6.350362777709961
-28.25600242614746 -28.456623077392578 6.350362777709961
-19.931747436523438 -32.899940490722656 6.350362777709961
-21.37860679626465 -36.614017486572266 6.350362777709961
-20.053056716918945 -28.286413192749023 6.350362777709961
-19.06183433532715 -39.25342559814453 4.36318302154541
-19.583786010742188 -42.14419174194336 2.091646671295166
-19.583786010742188 -44.7943000793457 2.140263080596924
-19.583786010742188 -47.2540397644043 2.140263080596924
-19.583786010742188 -47.2540397644043 2.140263080596924
-23.34600830078125 -46.00098419189453 3.0806972980499268
-26.011201858520508 -45.44748306274414 4.075830936431885
-29.58237648010254 -44.84585952758789 5.744983673095703
-34.16961669921875 -44.84585952758789 5.744983673095703
-38.609283447265625 -44.84585952758789 5.744983673095703
-42.5186882019043 -44.84585952758789 5.744983673095703
-45.08860778808594 -44.84585952758789 5.744983673095703
-49.59885787963867 -44.84585952758789 5.744983673095703
-54.69540023803711 -44.84585952758789 5.744983673095703
-60.85775375366211 -34.76408386230469 7.206336975097656
-46.625244140625 -35.202552795410156 5.744983673095703
-46.02562713623047 -39.23429870605469 5.744983673095703
-61.292842864990234 -38.93207931518555 6.418447971343994
-65.04573059082031 -38.93207931518555 5.744983673095703
-65.07533264160156 -35.18997573852539 5.744983673095703
-61.13429260253906 -36.08734893798828 5.709052085876465
-61.13429260253906 -38.307594299316406 5.709052085876465
-61.292842864990234 -35.203914642333984 6.418447971343994
-61.292842864990234 -45.13936996459961 6.0037760734558105
-58.167198181152344 -45.13936996459961 6.0037760734558105
-64.93793487548828 -45.13936996459961 6.0037760734558105
-64.93793487548828 -41.782920837402344 6.0037760734558105
-64.93793487548828 -37.06763458251953 6.0037760734558105
-61.94279479980469 -37.06763458251953 6.0037760734558105
-61.94279479980469 -37.06763458251953 6.0037760734558105
-64.93793487548828 -32.67662811279297 6.0037760734558105
-64.93793487548828 -31.434972763061523 6.0037760734558105
-61.76490020751953 -31.434972763061523 6.0037760734558105
-57.971038818359375 -31.434972763061523 6.0037760734558105
-54.502567291259766 -31.434972763061523 6.0037760734558105
-51.031982421875 -31.434972763061523 6.0037760734558105
-48.052921295166016 -31.434972763061523 6.0037760734558105
-45.25557327270508 -31.434972763061523 6.0037760734558105
-62.37297058105469 -39.7873649597168 7.206336975097656
-62.37297058105469 -34.684059143066406 7.206336975097656
-32.71969223022461 17.393009185791016 4.060224533081055
-29.249160766601562 17.393009185791016 4.060224533081055
-27.36844253540039 -28.945953369140625 7.088150501251221
-23.188886642456055 -28.945953369140625 7.088150501251221
-24.46622085571289 -27.295734405517578 7.088150501251221
-26.92133903503418 -31.02324676513672 6.350362777709961
